var_index	mse_HFF_0	corr_HFF_0
0	0.01080652497061818269	0.97512666365143452207
1	0.02549856929414873186	0.92112274228455248704
2	0.00748622066373166948	0.98821388178322333573
3	0.01271362171405208442	0.96168509879479868729
4	0.01506611819977633077	0.97623685277748339928
5	0.02457215112606386462	0.93974631275089859361
6	0.01424472180791169426	0.92975201950821440011
7	nan	nan
8	0.01539594404732999751	0.98111131710549481788
9	0.02268027604292047195	0.94724404896338421089
10	0.00583758779829749407	0.98533492763918173463
11	0.00237149067724973673	0.99473833897879004873
12	0.00399601131004314984	0.96020657450852442416
13	0.00343110614454011052	0.99363933221502309667
14	0.00082923749284558761	0.97329691540612750522
15	0.01317417485733374596	0.97041339187861652693
16	0.00354624654236979997	0.98874193106640007045
17	0.01656391201651981337	0.93009292513549146619
18	0.01362598411271687127	0.95810718576223363740
19	0.01209821966111544050	0.95241532224680047758
20	0.01585691118014251680	0.93891237492092860517
21	0.05167189897925408837	0.79229747113837467598
22	0.00836557554089540668	0.98426017862047621154
23	0.01148623739565838610	0.97221576247305940832
24	0.00186673585384089296	0.99296656351421452857
25	0.03268026777283615514	0.88360535782934535032
26	0.01654250415521607218	0.96840355614502771076
27	nan	nan
28	0.00858521526328285059	0.96737707549286477970
29	0.00156466603558190866	0.86843831962654083334
30	0.00416594543928594432	0.98520312654258312968
31	0.01039676785066775966	0.96999892568980750074
32	0.01157933386817049451	0.97064622909819142649
33	0.05693761600753222130	0.89931411787168336058
34	0.02283663984007087977	0.95353947873702626925
35	0.00218268500126013671	0.99220650349606842600
36	0.05242337454287313708	0.90978189186873004157
37	0.03308359896455047994	0.85320271456661656018
38	0.01093202823119136628	0.75702964038400044622
39	0.00465021973513837089	0.94564978127402188335
40	0.01314550868465256747	0.95510667107835645062
41	0.00959741965809319565	0.95951955064201077672
42	0.00732094976929479214	0.93720020265753145594
43	0.00927707095583643268	0.98420823690875725021
44	0.01721055574128020974	0.92977308985963147414
45	0.01154137996098698188	0.95359250377051918424
46	0.03226793585106106643	0.91425828710604439831
47	0.00952131596469658198	0.93167606825459103881
48	nan	nan
49	0.00346995846674736296	0.98458885348542135585
50	0.00841500505840747474	0.98369901009450855245
51	0.02450844782339821337	0.91028938620883359523
52	0.00795734567244980005	0.98273787537900447742
53	0.01619938761118271814	0.95966665431181019663
54	0.00112941118505990759	0.96124919838473932288
55	0.01177874466822623201	0.98510870967069485982
56	0.01092795548243605600	0.98071611164618854861
57	0.01070545504764977215	0.98632735982977670641
58	0.01468688792353954782	0.98317148304275592263
59	0.10920175221561349843	0.86013029073271007885
60	0.01076682680227722920	0.96348609444102883970
61	0.00331375159327435562	0.82903414880084502769
62	0.00916880384340645026	0.32563933030926839329
63	0.01607312285898954141	0.97248992965156610957
64	0.00815303113343226853	0.98237838431145918516
65	0.02541271353461669116	0.91622473359206657584
66	0.00645602649878623553	0.96708228811806684622
67	0.01340718983775376905	0.97273212494501326564
68	nan	nan
69	nan	nan
70	nan	nan
71	0.00655929057311530062	0.97447149309490843638
72	0.01167452831857498236	0.95548779220427082493
73	nan	nan
74	0.00651611522998216553	0.77139357538289698990
75	0.06898747812071803764	0.85805570168907474571
76	nan	nan
77	0.00408397651849895515	0.98710624737489471858
78	0.07257807744574704123	0.47763602220063383630
79	0.00384842778966023626	0.88711265576758591145
80	0.00424343112588766030	0.83914861002034701887
81	0.00356255127976122391	0.89137684746660228452
82	0.00077934288535659460	0.94400582538235722208
83	0.02472207799801898198	0.91386139496171669983
84	0.00331423887930217941	0.99222166621753205007
85	0.00266994660392113042	0.99024880667361314668
86	0.00380130998509406936	0.98294308234595539897
87	0.02216062465594682493	0.90415925768616123293
88	0.00600736172945489852	0.98179926029402719845
89	0.00155376598767194892	0.97610712165738500179
90	0.00410746814156421388	0.99184534297405757552
91	0.00289468572913146021	0.89601563760136737624
92	0.01548093179626515090	0.95416047637744949572
93	0.00475580254061294411	0.98506500523110973599
94	0.01063930735196137560	0.98672481930982935960
95	0.00576415677609529078	0.98950228233594328398
96	0.01788859619001586382	0.97377225937208955475
97	0.00705395229467598375	0.89874995430698612076
98	0.00686152309219629098	0.98574438399019415069
99	0.01323228768282654413	0.86431243216098152526
100	nan	nan
101	nan	nan
102	0.00436468906605380104	0.96286905089737406804
103	0.01020609534357598200	0.98141079131704966887
104	0.00908372963344375971	0.97187613618241541769
105	0.02863651025020105476	0.94604840575704463035
106	0.01329382848836889279	0.98122698537473684866
107	0.10297857945338169394	0.81283300218175424945
108	0.00921066441243220159	0.95842561180697327661
109	nan	nan
110	0.00464041167890287282	0.98574278806175696932
111	nan	nan
112	0.00336435218180576243	0.99233810131523092490
113	0.00144257863107386084	0.95351062780366002691
114	0.00808462768422020181	0.95803091249469951585
115	0.00842868793156572108	0.85483866334435076872
116	0.01723609174954290543	0.92733743365421272831
117	0.00363778874673326147	0.94203152775230691862
118	0.00533869635245702578	0.98557437673505876585
119	0.00709797710165996788	0.97032752336000738236
120	0.00297875326101997928	0.95934096927415457579
121	0.00848178267023065417	0.97482122136232074450
122	0.01122482025925201563	0.95208420304404572931
123	0.00940736405278664971	0.97896943205930486709
124	0.00301842020762203627	0.82318133367217549701
125	0.00777281954636346514	0.87090808507035155639
126	0.00533084344414918188	0.95660615556099459766
127	0.00347266833640325415	0.98745432914008790526
128	nan	nan
129	0.01957207671512321834	0.96420506998811172927
130	0.02477838799874628600	0.90073816618609781059
131	0.01278209102266893334	0.95651862319123315270
132	0.02064659144164378984	0.95880208877643058329
133	0.01028997264535257486	0.95899307107882370005
134	0.01294061154496702580	0.94556683480601277925
135	0.00795464646430860296	0.95156385888647065929
136	0.00242414888901941461	0.93675332593458393582
137	0.00233879782512360366	0.87712640145499498612
138	0.00083074715794712246	0.96152484066360033310
139	0.03204744379761561429	0.92277135903780060922
140	0.02833764222731936788	0.86241506889994146157
141	0.00801355159530085272	0.96322424590533861632
142	0.00365994536453789418	0.90362163822799790314
143	0.01449419490219986534	0.94662820238217026958
144	0.01092670778311219913	0.94944280248019807811
145	0.01109544474507518676	0.96473891898958619162
146	0.00164739285089844341	0.92808161117580667554
147	0.00144567412848758373	0.92066423162519794854
148	0.00159390069807873900	0.94959267681203429756
149	0.01015081568480735198	0.92420693420073096735
150	0.00097088588982871863	0.92637103287166155940
151	0.00289403737121819151	0.86290760715982806062
152	0.00281906413669143771	0.87473797533626485023
153	0.00000080185064133716	0.99995010834273789779
154	0.00938160351981681857	0.97037097954732709493
155	0.00370282917011819810	0.98331884651902778938
156	0.01155157459492062166	0.95453691429768616761
157	0.03480160152648353877	0.90687531899600826168
158	0.00284358556030614353	0.95140581978541571839
159	0.00269475422990150945	0.99013682005969849698
160	nan	nan
161	nan	nan
162	0.00317193829999717295	0.89959049983747718660
163	0.01338681018227254674	0.57952591665267372267
164	0.00271820106620272077	0.99099235836224397467
165	0.00173866194520965042	0.94999645588186387712
166	0.00934720792023500599	0.71160690983476571070
167	0.00782422509075620699	0.97881843572072546600
168	nan	nan
169	0.00549855551392053072	0.97176724212868148545
170	0.00996387137579392117	0.98104306186008916058
171	0.01236365444578930474	0.95745435530568789861
172	0.00602458600309361669	0.79171066751154040020
173	0.05527629259838569981	0.82374789278401383541
174	0.02921884042659868286	0.91751297460972613962
175	0.00428662058662941312	0.91167780430429079530
176	0.00418720030374830372	0.82173558042140104618
177	0.00379460497500088778	0.98906885086018569986
178	0.02468290104103627175	0.94057349707009674233
179	0.00767847984121086766	0.98580994785681574921
180	0.00835314234175118207	0.92453019801178493164
181	0.00165845552771494973	0.95937791746283984651
182	0.00507385132930956041	0.91440540736416175971
183	0.01007208135215074442	0.95537667221981581456
184	0.00224098401101017076	0.97452814200140303047
185	0.00687512398684971774	0.88772140658619425047
186	0.00674097721143657094	0.30462780759529761720
187	0.00501441787420839943	0.99082356159162943143
188	0.01255639695243290777	0.96435867392083618466
189	0.00711374203293032095	0.98584643022829709924
190	0.01236948938311260154	0.94574698257896405718
191	nan	nan
192	0.00608058763943545959	0.98743542774246406690
193	0.02635632238520841178	0.95962754379559822571
194	0.02944123571309404525	0.98248448575335867172
195	0.01293090071288245137	0.94623954404601995360
196	0.01603813143585026621	0.95698718996267273518
197	nan	nan
198	nan	nan
199	0.01539404360132330847	0.97729862258859490076
200	0.00960663888895327799	0.64432238140032638274
201	0.01659071255704693687	0.96570945621270054549
202	0.02184921666906460697	0.95522727771034177113
203	0.02457526672247462712	0.95994075388079624922
204	0.04942534699193813080	0.66513641165290615653
205	0.00512990953220022767	0.98208962768594121329
206	0.00159441847514645821	0.97557899642628143067
207	0.00628393686102081406	0.97321130983149484184
208	0.01801858741142555592	0.93409152409534090822
209	0.00513931000528725264	0.93207723044451784578
210	0.02398795313332986387	0.91634141188864770555
211	0.00645784429230449649	0.98012589172939701410
212	0.00548931592064341809	0.95525938304831858883
213	0.00327525819992891725	0.99273199764209218987
214	0.02867278681918841027	0.90884033864615643150
215	0.01718507265114618474	0.95560259915823775323
216	0.00274749802518476889	0.97671189665637958566
217	0.01531656422431434093	0.89735264652100010796
218	0.01144327448060476760	0.97319838715854534161
219	0.03022422887001030220	0.92605080341066392524
220	0.01122262644164707772	0.40343244794708826850
221	0.00946524751870924698	0.96957170250435154024
222	0.00992294819666986704	0.98444799615053857345
223	nan	nan
224	0.00780551681570120035	0.97775676136021005824
225	0.01167277781328655666	0.96682743174075846948
226	0.00931856657199309560	0.98570218373724161065
227	0.04706279256829715152	0.93750414282806715516
228	0.00553638407452941312	0.98618976233929622754
229	0.01996020234730104537	0.91742134111774986671
230	0.02469286208709531305	0.87656702051532753295
231	0.00658177980896838474	0.98874198594315354516
232	0.03923770185328009918	0.86273786323781964658
233	0.00718640415836694756	0.93733314131280909276
234	0.00831971062828297872	0.79105299263651829289
235	0.04921833686756693638	0.84586863567674930309
236	0.01035490694992026277	0.98141049841329885961
237	0.01564383525101445752	0.97814288152137740529
238	0.01211326778249536239	0.94304006387109118315
239	0.01837955184464692623	0.95305091021280718966
240	0.00109874833445877955	0.98811512159692127533
241	0.00141436691321705690	0.85083200068246300773
242	nan	nan
243	0.00370071649013900290	0.98426126439651984157
244	0.05204968430111447247	0.92952801325354028616
245	0.00115681839327396591	0.91001941593069535230
246	0.02520845834360571289	0.86543476512690065139
247	nan	nan
248	nan	nan
249	0.06904935925529460949	0.90293957072694186472
250	0.02638397880326313893	0.82917349352578406663
251	0.00693644123124848369	0.97500169626631871811
252	0.01091084941048761983	0.97118868230900845528
253	0.07317991480677493721	0.78404550597152533609
254	0.01341917701789215912	0.96962036800817086313
255	0.01538141380045338069	0.96108507755462435629
256	0.00431737527491762862	0.98569126386643146631
257	0.00384846038359291367	0.97701086203266507280
258	0.00320091320214424113	0.98376406997644749719
259	0.01732614820711662548	0.98197930133693189791
260	0.00718589520097646494	0.98812651936091355775
261	0.00458446829809799981	0.99005985638554372397
262	0.00602760453003029720	0.98229542846378903320
263	0.00314290608645485109	0.89069048679359719145
264	0.01057456166399392029	0.98627952504431759539
265	0.00491396831864386076	0.97503966474380010521
266	0.00845768822045084648	0.94877985222417660083
267	0.00466565029397585877	0.97732610327395930128
268	0.02415207322470511869	0.82629764001911143456
269	0.00725011042920224291	0.96233516907481742031
270	0.01737086276703726784	0.95797090225037773159
271	0.00680889450830682221	0.94597408596189580532
272	0.01749725504187036804	0.53585111540298924204
273	0.00850270041983556581	0.65595018112421354939
274	0.01487725569565698236	0.94704374140297054030
275	0.01618210833908568722	0.95918210656601265995
276	0.00209043253870269631	0.97460395782393882680
277	nan	nan
278	0.02656646697295347512	0.91590534034570691979
279	0.00721808690329107765	0.98620185314522978981
280	nan	nan
281	0.00504707745066830700	0.98591540392056775666
282	0.00257871958667957616	0.96918582247128848284
283	0.08169525319303451438	0.79596847575428375521
284	0.01015964613681752220	0.95036243332587544419
285	0.00449546644827465095	0.98871025673307044723
286	0.00491804139557405762	0.89303823767878787176
287	0.00326980561039569295	0.92504028459995213396
288	nan	nan
289	0.00486597735196200604	0.97776733100320734060
290	0.00581474458724564290	0.95896499794205625200
291	0.00634636994820737647	0.93897173561737057312
292	0.00321606540296129340	0.99062937234774506301
293	0.00145606194478178040	0.94187790430037721112
294	0.01775153652908029525	0.96243849067132769548
295	0.09218763658359396818	0.83300967318339180778
296	0.01542779764837376791	0.95499946351971087832
297	0.06410527327895840233	0.75340666115893462074
298	0.00760918075805971754	0.91380723854762846425
299	0.02063990291435535696	0.94704245073849890879
300	0.01276478758895911204	0.97140288259637985746
301	0.00077397657157089880	0.96024262215478295435
302	0.00241552873402744442	0.88293439104632964742
303	0.00817479297108977647	0.98879686304586089651
304	0.00220253555235697812	0.91015907272225093916
305	0.00310954224437938421	0.85733510961860381894
306	0.01175567200680694216	0.92967318154258204999
307	0.01366518885140119259	0.91074248281116454429
308	0.01258728103129558469	0.98271667354941305561
309	0.11753571382731858863	0.64524422673539172379
310	0.01209619135582876148	0.96053727144612977007
311	nan	nan
312	nan	nan
313	nan	nan
314	nan	nan
315	nan	nan
316	0.02139136029778534662	0.89652834156899119389
317	0.00436035453230859509	0.86282425640994853122
318	0.00828378322644152815	0.98458969763238035622
319	0.00795129577240361561	0.96127721733146120897
320	0.02718132540391311400	0.87730576471218835177
321	nan	nan
322	0.00531089089750077549	0.98520154897839851138
323	0.01313478009775870779	0.96477194082376271922
324	0.00406110213967081010	0.95369252814491045633
325	0.00376310367259259171	0.95705645666692107376
326	0.00313942494350162755	0.96045125137200426657
327	0.00387288042395711463	0.99189193823393384530
328	0.00995856735118963964	0.97019616314865719797
329	0.01667829304313972819	0.92616677813822478882
330	0.21227739844300730354	0.69981627476237273644
331	0.01170196365558166807	0.98164930855012932920
332	0.03552521337038681837	0.96097118888054677832
333	0.00702616319042318697	0.98142229228561894683
334	0.00949562051819299174	0.98046443580810971330
335	0.01201480525435818028	0.98548914127041375988
336	0.05969283174750595472	0.88287530337520858659
337	nan	nan
338	0.04294281810781921949	0.83472312594853770307
339	0.17054374734259694635	0.57186886533799274890
340	0.01178213177071171271	0.92583936659307253247
341	0.05081633305610644413	0.84190719892542498215
342	0.01103488739926459898	0.90696847878043596047
343	nan	nan
344	0.02391603928124113113	0.96849425160140067970
345	0.01188655941203368809	0.96621731346069761326
346	0.00726288640343999460	0.94613487473777002634
347	0.00370716473264320152	0.99297457985197323804
348	0.00767577187137593459	0.97490998423539787510
349	0.07997334649493249847	0.77448054449740155736
350	nan	nan
351	0.01217098423325240798	0.96663904244182385916
352	0.03412295960821759566	0.55642818382298331326
353	0.00689782985145397706	0.96979941815329140375
354	0.08488869728170345130	0.78052576704571019484
355	nan	nan
356	0.00886497339789278117	0.92250753166362042812
357	0.00222314005415870765	0.93098757435746670730
358	0.00661497072169264181	0.88551816151087758833
359	0.01276704927179629113	0.84790001947775606173
360	0.00680117696956604630	0.98109146867889018839
361	0.00370373824227744966	0.98203867072289885432
362	0.06010464539619413821	0.85805675803730629969
363	0.00481902539597944650	0.93125164429966533763
364	0.00525162537782434928	0.94906902416859695304
365	0.00220710625734031217	0.94645492894256322280
366	0.00145515224776900619	0.93183514631565178554
367	0.00597053268431631604	0.97755921525513322923
368	0.00552970282964229502	0.99380652509505174041
369	0.00865350414260082808	0.97999263533615954547
370	0.05849068298687538914	0.92609987823436923371
371	0.00434315999818231813	0.98164309018001250084
372	nan	nan
373	0.01981960172822472971	0.96306719394188822214
374	0.10017269618869575898	0.66904423800215107043
375	0.01009950712346499926	0.97410412869065443608
376	0.00849874342140091894	0.95779305604405506891
377	nan	nan
378	0.01915644868137091061	0.98043399638887085423
379	0.00245874795166353905	0.99622554704465726694
380	0.00281410883256125394	0.97931614909371711430
381	nan	nan
382	0.00516948322461171540	0.94864821504013829845
383	nan	nan
384	0.06144180000155973626	0.87183651198927558656
385	0.01706835436035410158	0.96167578876651349518
386	0.02558616911415060452	0.93632387245647963336
387	0.01175804220261552659	0.98904977248432157655
388	0.00854770604531630840	0.97272100937354744055
389	0.01682128666133700379	0.81872168489340102493
390	0.01728961779925008990	0.95315327819549444666
391	0.01694284680061379847	0.92550129475284292901
392	0.00563019084514396022	0.98537098228757169505
393	0.00706657815242238505	0.92952965470690041005
394	0.00294563606275253208	0.98825356083751469960
395	0.00498624644664329673	0.98640159610552935465
396	nan	nan
397	0.02227184104371400866	0.93616874462644350530
398	0.01330593720291082388	0.97105861570482143730
399	0.01153215045114743161	0.80281292866644005102
400	0.00488803643060288680	0.97266341951232326846
401	0.01117031220141377276	0.98585652426682479632
402	0.05896381542494626843	0.78547953624971333930
403	0.00001568643966076770	0.99994343862220091967
404	0.00742649759666209539	0.99345291296867455078
405	0.00293401272548995560	0.99605482696485692085
406	nan	nan
407	0.00455716168629265519	0.98500359441095763913
408	0.00283828803782980310	0.99438162685888431547
409	0.00282660761150051523	0.98669372260007814912
410	0.00693520999155880936	0.94638172098757311623
411	0.18351050162222484752	0.62123473878999169173
412	0.00773529841898484144	0.97160604310137765882
413	0.06436169283031127619	0.69590987670839443702
414	0.01572253554199035119	0.92428381877852294757
415	0.01254223626371860772	0.94861261334161262049
416	0.00495030364944933163	0.88615954344177227942
417	0.03217771080090862934	0.87103717446198236640
418	0.00495817764575528109	0.98918090091830557231
419	0.04353435648279618125	0.43921302961169084167
420	0.00868451264849736358	0.95837683481961422061
421	0.02910737410877355102	0.84918918688956157581
422	0.01473901109827902879	0.86360770670383713021
423	0.04329935219105712774	0.76476429725280259397
424	0.01128499433350427586	0.97406490503099951717
425	0.00000682799798958157	0.99997870421050905065
426	0.00615471446148840428	0.98839108583141910280
427	0.01240344451467635667	0.96386335687424506968
428	0.04541569966984039530	0.77641719252286223174
429	0.01172969021688587132	0.97426396021922145874
430	0.05964493893462299162	0.85582848281762780029
431	0.03078440035598887028	0.86168472351191705005
432	0.00631197111737380294	0.97785338396629051250
433	0.01328494600716168678	0.98113296185620457734
434	0.00696245209732708828	0.98532790210239606932
435	0.00359280228851260918	0.91288427159970353397
436	0.00273159250812930656	0.91457984986044871256
437	0.00292146728040021484	0.98729728781825332184
438	0.00770125649498478761	0.97753960885491697486
439	0.00000118575720498448	0.99992160441557731421
440	0.00528382509914011346	0.74683101617207414691
441	0.00770107180479530449	0.97389791459267249785
442	0.01328836141748067530	0.94438491820837855428
443	0.00154768229759855548	0.89670269218284759383
444	0.00208634239012990335	0.96421688802050331546
445	0.00844151429053082401	0.95938725460643758947
446	0.01915927075686602032	0.92081613556553143507
447	0.00803697189587391711	0.92662628353636689038
448	0.01165544119474435161	0.96906949657028562672
449	0.00187542290015777174	0.88362812895523024093
450	0.00294190831803876679	0.98757987274329428473
451	0.01083041486907666481	0.97599778562524119874
452	0.00322938968577174282	0.98797291538942555444
453	0.02168042056489462993	0.96587090034717260068
454	0.01333956161530461954	0.97540248907687221447
455	0.00569954709090544909	0.97307317201530285633
456	0.02437264307702178764	0.88438987175948224895
457	nan	nan
458	0.00397350462244332268	0.93094790118181136584
459	0.00465963829403418135	0.98571385468777905636
460	0.00678590341195838952	0.88105600647545079251
461	0.00559010095214075575	0.98339140560151250270
462	0.00582470898177527441	0.99073684952122686997
463	nan	nan
464	nan	nan
465	nan	nan
466	nan	nan
467	nan	nan
468	nan	nan
469	nan	nan
470	0.02311148528388190168	0.64447285589878977596
471	0.01042180136674784700	0.95344320263067861010
472	0.01401305603387717306	0.91010672000543013649
473	nan	nan
474	nan	nan
475	0.11953848826865244581	0.58188132043670259819
476	0.01795925270647037025	0.92484300240834427242
477	0.02208560979087964213	0.97802217827487647472
478	0.00275593428925629885	0.97853416415911165238
479	0.01207235386433363512	0.97928539899193756124
480	0.01731418475415866243	0.96317125246517565351
481	0.05714923932108551680	0.91975187807930269823
482	0.00783630991248993047	0.98573010964905072306
483	0.00265507243196870003	0.97945543484374808507
484	0.00907920735592193662	0.95751216831632801618
485	nan	nan
486	0.04950654937695544294	0.89760053674553386127
487	0.01737998180692663583	0.96554226639679707755
488	0.00500146736593273453	0.91787202731045736126
489	0.01045602940937344523	0.60015050901874145151
490	0.04208824130497608451	0.62604605750269470832
491	0.02805685193132083366	0.94761010318385430207
492	0.02164837070886860629	0.92853995056283977760
493	0.00084570217490852022	0.97669877933365523148
494	0.09864293303237894883	0.71522542069626715566
495	0.09988367676200224365	0.66694306076913167924
496	nan	nan
497	nan	nan
498	nan	nan
499	nan	nan
500	0.06661952656688495400	0.83807960359673072670
501	0.04543952873222488476	0.84664342988682217417
502	0.00805751274336320884	0.98446481888820225326
503	0.03933078489863049004	0.82120322097136566608
504	0.01619215675509077731	0.95551063861179952319
505	0.06077680175776296184	0.64689470788296721260
506	0.08538135749194690483	0.75057808227160982550
507	nan	nan
508	nan	nan
509	nan	nan
510	0.00705130511438894960	0.97732839318083974955
511	0.00730292268144966655	0.97257925135706346786
512	0.00714192505956021736	0.90366247294380130928
513	0.02494739174111734042	0.94053852779620383817
514	0.01166636201148081760	0.96398935454261436284
515	nan	nan
516	0.01944602787737716512	0.93023861230087623309
517	nan	nan
518	0.00708563830353245612	0.97433048836748292754
519	0.02085827626521598657	0.93132306926100405509
520	0.02808817056285004693	0.43401600850387744845
521	0.00428854215383914564	0.99223228393736018216
522	0.01768723461145762718	0.97505535512439334145
523	0.08753088856048613087	0.74872384918429224498
524	nan	nan
525	0.00834952898325449361	0.94236974115870641988
526	0.01789410645045463183	0.72183199469566972084
527	0.01871731726764012255	0.95737293221635377805
528	0.05796938154529387294	0.84690838102331056358
529	0.02323619876752329103	0.95380480907864040319
530	0.00997695246040065237	0.97536528444731063203
531	0.02883678540913694327	0.93560237370658616562
532	nan	nan
533	0.11842622817144363156	0.79104572393484806625
534	0.06512764796865354311	0.88267911523882536251
535	0.01435406534499801892	0.97940451773059966634
536	0.00757086069569446862	0.97443684943689690137
537	0.01341792315506071254	0.98589614700833949623
538	nan	nan
539	nan	nan
540	0.02144401286765930045	0.91450036403440670973
541	nan	nan
542	0.03274609696858705316	0.87091757260390556539
543	0.01057922563441002564	0.97816887169155641857
544	nan	nan
545	0.01752224367504547423	0.95683645347434176376
546	0.00413572668769573125	0.92203704854126544710
547	nan	nan
548	0.03951378293646827522	0.73921025221485259227
549	0.01392794489618832954	0.95691717923238195365
550	nan	nan
551	0.01721339582507137519	0.96705151024288082962
552	0.01867768374047829028	0.96266972321453292416
553	0.00513011104079908430	0.98340319143572441085
554	0.00312432801938077823	0.96415874357026598584
555	0.00494033137231118195	0.90492330140533561167
556	0.00530664907877265515	0.96417003853482463605
557	0.02961085412518505225	0.89975135709786235871
558	0.00430029919109118763	0.79988982179937151429
559	0.00140947257475913866	0.91808424135721178327
560	nan	nan
561	0.00644068790941449646	0.97920529485218432697
562	0.01094977048367303668	0.17311863318016787461
563	0.00428626121731898093	0.90145686497865096243
564	0.01426674575694245745	0.98304278679798073881
565	0.11269645399021441246	0.64850681097258222607
566	0.03331708048957901513	0.94319346033931217299
567	0.03062816708650966877	0.95103726750642991750
568	0.03710464775426468298	0.94437018313423981564
569	0.02053025678084570427	0.95736896023668716094
570	0.00000517324687435924	0.99998983009448216830
571	0.00275817150402725550	0.99533634462858155967
572	0.00944282195315274131	0.97937056176821857267
573	0.01159460187983021168	0.97593030497446175975
574	0.01178996745464236037	0.95715238070403763082
575	nan	nan
576	0.00582206311083126055	0.98237942102123654298
577	0.01117220598370711158	0.96345702463657234560
578	0.02998547412133080459	0.88297104513809454573
579	0.01347666330025657291	0.96206541348020391258
580	0.01394032515707791312	0.92873778314614630069
581	0.00616008953371643009	0.97224634365255213631
582	0.00483636534903640267	0.99226712531851668508
583	0.00358829641183194045	0.99075921488724993935
584	0.00587052952392746151	0.95286336175126395975
585	0.02037602257240137688	0.95798505180344817322
586	0.04458279423398336938	0.86799173045869082443
587	0.02384252325343213727	0.94270581137467568400
588	0.03170033446178420478	0.95539565828984429618
589	0.02280583881881140598	0.96372393128747757540
590	0.01431917895945460963	0.96607587200447220255
591	0.00966833060835604018	0.96932670785953178871
592	0.03379936757667648811	0.95687988929481160305
593	nan	nan
594	0.01491176669782190607	0.96406561044281258166
595	0.09482823564704942476	0.83698106600361643626
596	nan	nan
597	0.00721372642186856889	0.98635743790317220725
598	0.00701312185573530270	0.97655869271360196127
599	0.01082135396040798808	0.61653127081032721435
600	0.01107063484377283219	0.78070249299501570661
601	0.01430922507887773774	0.61179875923015059058
602	0.00227666181526263141	0.90761442551276105828
603	0.00207192455049211863	0.99636658810041545120
604	0.00234586161063903747	0.98751539532757537376
605	0.00081009622334134678	0.96420925664348644535
606	0.03033985565735871498	0.93228441984116894314
607	0.00307709553204120511	0.96569856534433917705
608	0.01462287761503069244	0.96312310537179635084
609	0.01932874026234050746	0.92738623429118904884
610	0.00434198987509720660	0.98806731078363319032
611	0.00368007647975031067	0.85318828488385989317
612	0.02275839086690242472	0.94734513137811016126
613	0.01228774188791427469	0.95498250593746569770
614	nan	nan
615	nan	nan
616	nan	nan
617	nan	nan
618	nan	nan
619	nan	nan
620	nan	nan
621	0.01827431451495209469	0.96270095920258258460
622	0.01492957701436662885	0.95108429445698083882
623	0.00370745065559324348	0.99574726182489270432
624	0.01464236632667540068	0.97566441259410008335
625	0.06546383924735396653	0.85895905313296594397
626	0.01351960581513526362	0.96588385544593780008
627	0.01698976895768430917	0.97144336648633289322
628	0.08375575078907696036	0.83321972609347672023
629	0.01231528260124507661	0.96283209281724979611
630	0.00917314429601596287	0.95448307402094356711
631	0.01168501612864747755	0.98279746055671213245
632	0.00179489503118555362	0.99695180471038002956
633	nan	nan
634	nan	nan
635	0.00282523789031455946	0.97271465974415183275
636	0.00973688257959013162	0.93613587281505383775
637	0.00295312737516120836	0.98956013507506890292
638	0.01722686554006294321	0.96371247721937636221
639	0.02242843610940842974	0.92784636409065179841
640	0.00521551000121773124	0.96204959953608415457
641	0.04380214871794632647	0.80612075690850493181
642	0.00517444556234573742	0.95588999691692944083
643	0.00591055149775304711	0.95321877304531277275
644	0.00294821639048719816	0.98654567989539987405
645	nan	nan
646	0.00697002740717647326	0.95665160317277664337
647	nan	nan
648	0.00510632812105975189	0.98961999650241516679
649	0.05011152286138263051	0.70977575505862233740
650	0.01718475387747294553	0.91514733654621505110
651	0.00776512661799522077	0.05098664179802214064
652	0.01928436319279065378	0.47905943277070289765
653	0.01594883636785128164	0.95147406976594173234
654	0.00232079402180517111	0.99293549272041004006
655	0.02143293488405155142	0.13108466976682811578
656	0.00479349545337311861	0.87352202709523996127
657	0.00005493496111911087	0.99990545460881552486
658	0.10832394340951394252	0.84674624396771691615
659	0.00507521090396876543	0.61543716591550423622
660	0.00984666051505023870	0.51193202341375654285
