shift_by
40.0
-379250.0
-379250.0
-379250.0
-379250.0
-379250.0
-379250.0
-246750.0
28.0
-273398.0
28.0
-273398.0
28.0
-220898.0
28.0
-273398.0
28.0
-220898.0
28.0
-283398.0
28.0
-273398.0
28.0
-285898.0
28.0
-285898.0
28.0
-215898.0
28.0
-290898.0
28.0
-273398.0
28.0
-273398.0
-346750.0
-364250.0
-326750.0
-346750.0
0.0
-117000.0
0.0
-329500.0
0.0
-329500.0
0.0
-117000.0
0.0
-332000.0
0.0
-129500.0
0.0
-332000.0
0.0
-332000.0
0.0
-394752.0
-289752.0
0.0
0.0
0.0
0.0
0.0
0.0
0.0
-210876.0
0.0
0.0
0.0
0.0
0.0
0.0
0.0
0.0
0.0
0.0
-371134.0
35500.0
40.0
0.0
67542.0
-62000.0
-187294.0
-162294.0
-162294.0
-162294.0
-187294.0
0.0
0.0
0.0
0.0
0.0
0.0
-423219.0
0.0
-438700.0
-438700.0
0.0
0.0
0.0
0.0
0.0
0.0
0.0
0.0
0.0
0.0
0.0
0.0
0.0
0.0
0.0
0.0
0.0
-292000.0
-226000.0
-292000.0
-226000.0
-326750.0
-374250.0
-374250.0
-349250.0
-374250.0
35500.0
0.0
0.0
0.0
0.0
0.0
0.0
0.0
0.0
0.0
0.0
0.0
0.0
0.0
0.0
0.0
0.0
0.0
0.0
0.0
0.0
0.0
0.0
0.0
0.0
0.0
0.0
0.0
0.0
0.0
0.0
0.0
0.0
0.0
0.0
-187294.0
-162294.0
-162294.0
-157294.0
-157294.0
-157294.0
0.0
-332000.0
0.0
-129500.0
0.0
-332000.0
0.0
-332000.0
0.0
-129500.0
0.0
-332000.0
0.0
-332000.0
0.0
-329500.0
0.0
-332000.0
0.0
-332000.0
0.0
-332000.0
0.0
-332000.0
0.0
-364500.0
0.0
-329500.0
0.0
-277000.0
0.0
-277000.0
0.0
-329500.0
0.0
-329500.0
0.0
-127000.0
0.0
-112000.0
0.0
-329500.0
0.0
-329500.0
0.0
-277000.0
0.0
-329500.0
0.0
-329500.0
0.0
-329500.0
0.0
-329500.0
0.0
0.0
0.0
0.0
0.0
0.0
0.0
0.0
-364250.0
-341750.0
-364250.0
-364250.0
-339250.0
0.0
-120582.0
0.0
-120582.0
0.0
-118082.0
0.0
0.0
0.0
0.0
0.0
0.0
0.0
0.0
0.0
0.0
0.0
0.0
0.0
0.0
0.0
0.0
0.0
0.0
-62294.0
-451134.0
-329250.0
-329250.0
0.0
0.0
0.0
0.0
0.0
0.0
0.0
0.0
0.0
-361750.0
0.0
0.0
0.0
35500.0
35500.0
35500.0
0.0
0.0
0.0
-327000.0
0.0
-109500.0
0.0
-324500.0
35500.0
35500.0
35500.0
0.0
0.0
0.0
28.0
-290898.0
0.0
0.0
0.0
-306857.0
-229357.0
-229357.0
-226857.0
0.0
0.0
0.0
-374250.0
-374250.0
0.0
0.0
-370966.0
-313700.0
-203328.0
-235828.0
0.0
-226857.0
-316200.0
-313718.0
-276750.0
-157294.0
-164794.0
-164794.0
-164794.0
-164794.0
-154794.0
0.0
0.0
0.0
0.0
0.0
35500.0
0.0
0.0
0.0
0.0
0.0
28.0
-270898.0
-141970.0
-146332.0
35500.0
0.0
0.0
-151332.0
0.0
-373466.0
-126970.0
-232092.0
5500.0
5500.0
0.0
0.0
0.0
0.0
0.0
0.0
0.0
604.0
604.0
604.0
-28500.0
0.0
-43789.0
0.0
0.0
0.0
0.0
-256170.0
-331713.0
-268670.0
-344213.0
-268670.0
-344213.0
-212554.0
-212554.0
0.0
26.0
19370.0
19370.0
19370.0
-395644.0
19370.0
0.0
-69471.0
0.0
-54471.0
-286556.0
-286556.0
-271556.0
-56170.0
-131713.0
-56170.0
-131713.0
-56170.0
-131713.0
-56170.0
-131713.0
-56170.0
-131713.0
0.0
0.0
0.0
0.0
0.0
0.0
0.0
0.0
0.0
0.0
0.0
0.0
0.0
0.0
0.0
0.0
0.0
0.0
0.0
0.0
-322125.0
-322125.0
-309625.0
604.0
604.0
604.0
604.0
604.0
604.0
604.0
604.0
604.0
604.0
604.0
604.0
604.0
604.0
604.0
19370.0
0.0
-167060.0
-52060.0
-167060.0
-167060.0
-54560.0
-167060.0
-167060.0
-437056.0
-357056.0
-437056.0
-437056.0
-329556.0
-437056.0
-437056.0
0.0
0.0
5500.0
5500.0
5500.0
-230006.0
-231170.0
-306713.0
-236170.0
-311713.0
-196170.0
-271713.0
-236170.0
-311713.0
0.0
-53670.0
-129213.0
5500.0
5500.0
604.0
-394556.0
-394556.0
-131000.0
-33500.0
-384556.0
-384556.0
-244560.0
-28218.0
-40718.0
-314625.0
0.0
0.0
-292506.0
0.0
-249560.0
-392056.0
0.0
0.0
-22060.0
-214560.0
-53218.0
0.0
0.0
19585.0
-418670.0
-209560.0
-360301.0
-97506.0
0.0
0.0
-367801.0
-159560.0
19585.0
0.0
-71971.0
5500.0
0.0
0.0
0.0
-252351.0
-436250.0
-252351.0
-436250.0
-252351.0
-436250.0
0.0
0.0
0.0
0.0
0.0
0.0
0.0
0.0
0.0
0.0
0.0
0.0
0.0
96.0
0.0
-190013.0
-240013.0
-210013.0
0.0
0.0
0.0
-174870.0
-87370.0
-89870.0
-89870.0
-145866.0
0.0
0.0
-150866.0
-383700.0
-354087.0
-369087.0
-351587.0
-89870.0
-388700.0
-104870.0
0.0
0.0
-443588.0
-208362.0
0.0
-208362.0
0.0
-195862.0
0.0
-195862.0
0.0
-163362.0
0.0
-195862.0
-279500.0
-246088.0
-170699.0
-140699.0
0.0
0.0
37.0
-306296.0
-306296.0
-306296.0
0.0
-210862.0
37.0
0.0
-383464.0
0.0
-378464.0
-326296.0
-403796.0
-383796.0
-351296.0
-133199.0
-236088.0
0.0
-190862.0
0.0
-190862.0
0.0
-183362.0
0.0
-198464.0
0.0
-25219.0
-20219.0
37.0
0.0
0.0
0.0
0.0
5054.0
-417810.0
5054.0
-377810.0
0.0
0.0
0.0
-417820.0
-335338.0
-130616.0
-334868.0
2548.0
5054.0
5054.0
0.0
-213538.0
-238538.0
-233538.0
-203538.0
0.0
0.0
0.0
0.0
0.0
-172175.0
-172175.0
-119675.0
-172175.0
-119675.0
0.0
0.0
0.0
-154675.0
-154675.0
-154675.0
-114776.0
-282276.0
-114776.0
0.0
0.0
0.0
0.0
0.0
0.0
0.0
-267810.0
-112175.0
-152175.0
-327915.0
-327915.0
0.0
0.0
-282276.0
-164776.0
-282276.0
-252276.0
-178172.0
-178172.0
-277276.0
-82276.0
-277276.0
-277276.0
0.0
0.0
-447852.0
0.0
0.0
0.0
0.0
-241038.0
-241038.0
-10310.0
2709.0
0.0
0.0
0.0
0.0
-165672.0
-175672.0
-165672.0
-294039.0
0.0
-135292.0
-207706.0
-142792.0
-142792.0
-127792.0
-127792.0
-323346.0
28.0
-55225.0
0.0
0.0
0.0
0.0
0.0
0.0
0.0
0.0
0.0
0.0
0.0
0.0
0.0
-130292.0
-127792.0
-277792.0
-210292.0
-197792.0
-277792.0
-235292.0
-210292.0
-277792.0
-275292.0
-275292.0
-275292.0
-207792.0
-207792.0
-272792.0
-222792.0
-207792.0
-277792.0
-277792.0
-277792.0
-230292.0
-267792.0
-277792.0
-267792.0
-217944.0
-242944.0
-272792.0
-272792.0
0.0
-201540.0
-201540.0
-246540.0
-246540.0
-246540.0
-201540.0
-201540.0
-201540.0
-262792.0
-265292.0
-265292.0
-242792.0
-87792.0
-92792.0
-432580.0
-405080.0
-307580.0
-307580.0
-307580.0
-412580.0
-412580.0
0.0
-390444.0
-260292.0
-381366.0
28.0
-215444.0
0.0
0.0
0.0
-86741.0
-269270.0
0.0
0.0
-213354.0
0.0
-213354.0
-325762.0
-325762.0
-325762.0
-353262.0
-325762.0
-325762.0
-325762.0
-325762.0
-355762.0
0.0
0.0
52250.0
-224241.0
-406770.0
-315214.0
-315214.0
0.0
-235188.0
0.0
0.0
0.0
0.0
0.0
0.0
0.0
0.0
-312714.0
-312714.0
0.0
0.0
0.0
0.0
0.0
0.0
0.0
-312714.0
-312714.0
-312714.0
0.0
0.0
0.0
-334213.0
0.0
0.0
0.0
0.0
0.0
-271741.0
42.0
42.0
42.0
42.0
42.0
0.0
0.0
0.0
-298500.0
-265750.0
-11710.0
0.0
-230574.0
-140250.0
-61238.0
0.0
-233550.0
-301050.0
0.0
-8921.0
-391334.0
0.0
0.0
0.0
0.0
0.0
0.0
0.0
30.0
30.0
30.0
30.0
30.0
0.0
0.0
-299078.0
-299078.0
-62831.0
-62831.0
-62831.0
0.0
0.0
0.0
0.0
0.0
0.0
0.0
0.0
0.0
0.0
0.0
0.0
0.0
0.0
0.0
0.0
0.0
0.0
0.0
0.0
0.0
-288921.0
-138550.0
30.0
-447168.0
-449668.0
-38550.0
0.0
-183550.0
-183550.0
-408550.0
30.0
-28550.0
0.0
-296421.0
-387474.0
-174206.0
-201706.0
-33550.0
-401050.0
-65331.0
0.0
-166706.0
-136050.0
56.0
56.0
-427600.0
-390100.0
-390100.0
18500.0
0.0
0.0
-99500.0
-162075.0
-162075.0
-292075.0
-147075.0
0.0
0.0
0.0
0.0
0.0
-177442.0
0.0
48.0
-46513.0
-292000.0
0.0
-445082.0
-392582.0
0.0
0.0
0.0
0.0
0.0
0.0
0.0
0.0
0.0
0.0
0.0
0.0
0.0
0.0
0.0
0.0
0.0
0.0
0.0
0.0
0.0
0.0
0.0
0.0
0.0
0.0
0.0
0.0
0.0
0.0
0.0
0.0
0.0
0.0
0.0
0.0
0.0
0.0
0.0
0.0
0.0
0.0
0.0
0.0
0.0
0.0
0.0
0.0
0.0
0.0
0.0
0.0
0.0
0.0
0.0
0.0
0.0
0.0
0.0
48.0
-129013.0
-374500.0
0.0
48.0
-259013.0
0.0
0.0
-376764.0
0.0
-442888.0
48.0
-304500.0
48.0
-327000.0
48.0
-304500.0
48.0
-302000.0
48.0
-329500.0
48.0
-224013.0
48.0
-224013.0
48.0
-224013.0
0.0
0.0
0.0
0.0
0.0
0.0
0.0
0.0
0.0
0.0
48.0
0.0
-162000.0
48.0
0.0
-179500.0
48.0
0.0
-167000.0
48.0
-334500.0
48.0
0.0
-167000.0
2600.0
2600.0
2600.0
-354531.0
-354531.0
-352031.0
-352031.0
48.0
-329500.0
48.0
-329500.0
48.0
-334500.0
48.0
-334500.0
48.0
-334500.0
48.0
-334500.0
0.0
0.0
0.0
0.0
48.0
-329500.0
48.0
-329500.0
-272376.0
-272376.0
-267376.0
-282376.0
0.0
0.0
0.0
-323626.0
-328626.0
-328626.0
-118626.0
-417600.0
-387600.0
-387600.0
-417600.0
-417600.0
0.0
-199716.0
0.0
-199716.0
0.0
-199716.0
0.0
-199716.0
0.0
-199716.0
0.0
-187216.0
0.0
-197216.0
0.0
-194716.0
0.0
-194716.0
0.0
-197216.0
0.0
-197216.0
0.0
-197216.0
0.0
-197216.0
0.0
-197216.0
0.0
-204716.0
0.0
-204716.0
0.0
-204716.0
0.0
-204716.0
0.0
-204716.0
0.0
-197216.0
0.0
-197216.0
0.0
-107216.0
-409013.0
0.0
-109716.0
-411513.0
48.0
0.0
-167000.0
0.0
0.0
0.0
0.0
0.0
-194716.0
0.0
-184716.0
0.0
2600.0
48.0
-239013.0
48.0
-239013.0
-252888.0
-252888.0
-252888.0
48.0
14750.0
48.0
-224013.0
48.0
-224013.0
80551.0
-252938.0
-310750.0
48.0
0.0
-164500.0
18500.0
0.0
0.0
0.0
0.0
0.0
0.0
0.0
0.0
-332938.0
-390750.0
48.0
-219013.0
48.0
-239013.0
0.0
2600.0
0.0
48.0
48.0
0.0
-292075.0
-14942.0
0.0
0.0
0.0
0.0
80551.0
0.0
23338.0
23338.0
0.0
-29764.0
0.0
-135072.0
54944.0
54944.0
54944.0
54944.0
54944.0
54944.0
0.0
-95240.0
-95240.0
-95240.0
0.0
-310500.0
-215195.0
-215195.0
-340056.0
0.0
-245056.0
0.0
-342556.0
0.0
54944.0
54944.0
54944.0
54944.0
54944.0
54944.0
54944.0
54944.0
54944.0
54944.0
54944.0
-376491.0
0.0
-313991.0
0.0
32.0
32.0
32.0
0.0
0.0
0.0
-262296.0
81.0
-215195.0
-375619.0
-375619.0
-375619.0
-375619.0
-74884.0
-306491.0
0.0
81.0
-273991.0
0.0
81.0
81.0
81.0
-375619.0
0.0
0.0
-322384.0
81.0
-269860.0
0.0
1800.0
1800.0
1800.0
1800.0
1800.0
-274860.0
0.0
1800.0
-434481.0
39037.0
39037.0
0.0
0.0
0.0
234.0
234.0
-145896.0
-145896.0
0.0
0.0
0.0
0.0
0.0
0.0
0.0
0.0
0.0
0.0
-149860.0
-149860.0
-149860.0
-142360.0
-144860.0
-144860.0
1800.0
1800.0
1800.0
-144860.0
-149860.0
-149860.0
-147360.0
-147360.0
-198919.0
-151419.0
42200.0
-198919.0
0.0
0.0
0.0
0.0
-171308.0
-173808.0
-173808.0
-186308.0
0.0
0.0
-208808.0
0.0
-103808.0
-208808.0
0.0
0.0
0.0
0.0
-106308.0
-186308.0
0.0
0.0
-98808.0
-211308.0
-211308.0
-173808.0
-173808.0
0.0
1800.0
0.0
1800.0
0.0
1800.0
0.0
1800.0
0.0
1800.0
0.0
1800.0
0.0
1800.0
0.0
1800.0
0.0
1800.0
0.0
1800.0
0.0
1800.0
0.0
0.0
1800.0
0.0
1800.0
0.0
1800.0
0.0
1800.0
0.0
1800.0
0.0
-119982.0
-119982.0
-109982.0
1800.0
0.0
1800.0
0.0
1800.0
-173808.0
0.0
0.0
0.0
-176308.0
0.0
-342362.0
42200.0
42200.0
42200.0
89.0
-193808.0
-213948.0
-192530.0
39037.0
-334862.0
-347362.0
42200.0
0.0
1800.0
0.0
-354134.0
0.0
0.0
0.0
0.0
0.0
-231074.0
-298574.0
0.0
0.0
-430074.0
-373574.0
21676.0
919.0
21676.0
919.0
919.0
919.0
919.0
0.0
0.0
0.0
0.0
0.0
0.0
0.0
0.0
0.0
0.0
0.0
-266417.0
-266417.0
21676.0
0.0
0.0
0.0
0.0
0.0
0.0
0.0
0.0
0.0
0.0
0.0
0.0
0.0
0.0
0.0
0.0
0.0
0.0
0.0
0.0
0.0
0.0
0.0
0.0
0.0
0.0
0.0
0.0
0.0
0.0
0.0
0.0
0.0
0.0
0.0
0.0
0.0
0.0
0.0
0.0
0.0
21676.0
919.0
-171074.0
-223574.0
-223574.0
0.0
0.0
0.0
0.0
0.0
0.0
0.0
0.0
0.0
0.0
0.0
0.0
0.0
0.0
0.0
0.0
0.0
0.0
0.0
0.0
0.0
0.0
0.0
0.0
0.0
0.0
-223574.0
-223574.0
-223574.0
-223574.0
-223574.0
-223574.0
-226074.0
-226074.0
-226074.0
-223574.0
-223574.0
0.0
0.0
0.0
0.0
0.0
0.0
0.0
0.0
0.0
0.0
-321074.0
-303574.0
-326074.0
-326074.0
-326074.0
0.0
0.0
0.0
-89696.0
-19696.0
0.0
0.0
0.0
0.0
0.0
0.0
-430500.0
-433000.0
-433000.0
-433000.0
-433000.0
-430500.0
0.0
0.0
0.0
0.0
0.0
0.0
0.0
0.0
0.0
0.0
0.0
0.0
0.0
0.0
0.0
0.0
0.0
0.0
0.0
0.0
0.0
0.0
0.0
0.0
0.0
0.0
0.0
0.0
0.0
0.0
0.0
0.0
0.0
0.0
-423229.0
-366750.0
-377196.0
-379696.0
-379696.0
-379696.0
0.0
0.0
0.0
0.0
0.0
0.0
0.0
-222729.0
0.0
-323574.0
-318574.0
-318574.0
-286074.0
-115514.0
-115514.0
-115514.0
-223014.0
-223014.0
-115514.0
-123014.0
0.0
0.0
0.0
0.0
0.0
0.0
0.0
0.0
0.0
-113014.0
-218574.0
-277768.0
-277768.0
0.0
0.0
0.0
0.0
0.0
0.0
0.0
0.0
0.0
0.0
0.0
0.0
0.0
-188902.0
-126402.0
-117196.0
0.0
-223014.0
-223014.0
-223014.0
-155074.0
0.0
0.0
0.0
0.0
0.0
0.0
-425514.0
-220514.0
21676.0
-166074.0
0.0
-425729.0
-369250.0
-181652.0
-236500.0
0.0
0.0
0.0
-114696.0
-227729.0
27506.0
-198698.0
-416692.0
-78698.0
-296692.0
-254050.0
-369908.0
-13698.0
-231692.0
-194756.0
-199756.0
1096.0
-284500.0
0.0
-152000.0
0.0
-372180.0
-372180.0
0.0
0.0
-227710.0
-292710.0
-292710.0
-317710.0
-292710.0
-207710.0
-292710.0
-292710.0
-207710.0
-292710.0
-292710.0
-292710.0
-272710.0
-272710.0
-272710.0
-272710.0
-272710.0
-272710.0
-272710.0
-272710.0
-282710.0
-232710.0
-275210.0
-275210.0
-275210.0
-275210.0
-232710.0
-275210.0
-217710.0
-275210.0
-230210.0
-255210.0
-207710.0
-255210.0
-255210.0
-227710.0
0.0
-119680.0
-434680.0
-322710.0
-417710.0
-445210.0
0.0
-262643.0
-169500.0
0.0
346.0
346.0
41.0
41.0
-261762.0
-296762.0
-414262.0
-361762.0
-261762.0
-361762.0
-296762.0
-202944.0
-270210.0
-84500.0
-92180.0
-255210.0
-129098.0
-129098.0
30.0
30.0
30.0
30.0
30.0
30.0
0.0
0.0
0.0
-420210.0
-420210.0
-450210.0
-94500.0
-94500.0
-142000.0
-117710.0
-82710.0
-248672.0
0.0
0.0
0.0
-294262.0
-256762.0
-356762.0
-288154.0
-267710.0
-222710.0
30.0
30.0
0.0
0.0
-82710.0
-112710.0
-82710.0
0.0
0.0
0.0
-309625.0
-327125.0
0.0
-346598.0
346.0
-256172.0
0.0
-299500.0
0.0
-334625.0
-339098.0
0.0
26.0
0.0
41.0
0.0
0.0
-239308.0
-239308.0
0.0
0.0
-239308.0
-239308.0
-275490.0
-275490.0
-397990.0
-427990.0
-427990.0
-397990.0
-330490.0
-72990.0
-72990.0
-72990.0
-72990.0
-72990.0
-72990.0
-72990.0
-236808.0
-236808.0
-70490.0
-70490.0
-70490.0
-70490.0
-70490.0
-67990.0
-67990.0
-67990.0
-67990.0
-67990.0
-67990.0
-67990.0
-67990.0
-67990.0
-62990.0
-62990.0
0.0
0.0
0.0
0.0
0.0
0.0
0.0
0.0
0.0
0.0
0.0
0.0
0.0
0.0
0.0
0.0
0.0
0.0
0.0
0.0
0.0
0.0
0.0
0.0
0.0
0.0
0.0
0.0
0.0
0.0
0.0
0.0
0.0
0.0
0.0
0.0
0.0
0.0
0.0
0.0
0.0
0.0
0.0
0.0
0.0
0.0
0.0
-65490.0
-67990.0
-67990.0
-67990.0
-67990.0
-67990.0
-65490.0
-239308.0
-239308.0
-229308.0
-229308.0
-229308.0
0.0
0.0
0.0
17624.0
0.0
-226808.0
-275490.0
-275490.0
-275490.0
-430490.0
-400490.0
17624.0
0.0
0.0
0.0
0.0
0.0
0.0
0.0
0.0
-201808.0
0.0
0.0
0.0
0.0
0.0
0.0
0.0
28.0
0.0
28.0
-43895.0
-149038.0
-166652.0
28.0
28.0
28.0
-135592.0
-120743.0
-132106.0
-260592.0
-245743.0
-257106.0
-417719.0
-215219.0
-372719.0
-310219.0
0.0
-222446.0
0.0
-271250.0
-283750.0
-283750.0
0.0
0.0
0.0
-121183.0
-168683.0
-168683.0
-168683.0
-141183.0
-181183.0
0.0
0.0
0.0
0.0
0.0
0.0
0.0
0.0
0.0
0.0
0.0
0.0
0.0
0.0
0.0
28.0
0.0
0.0
0.0
0.0
0.0
0.0
0.0
-251186.0
-289594.0
-148683.0
-283750.0
-141183.0
-156183.0
-141183.0
-166183.0
-136183.0
-81183.0
-166183.0
-166183.0
-166183.0
0.0
0.0
0.0
0.0
0.0
0.0
0.0
0.0
0.0
0.0
0.0
0.0
0.0
0.0
0.0
0.0
0.0
0.0
0.0
-418092.0
-403243.0
-414606.0
-443243.0
-418092.0
-403243.0
-414606.0
0.0
0.0
0.0
0.0
0.0
0.0
0.0
0.0
-163683.0
-163683.0
-143683.0
-143683.0
-176183.0
-163683.0
0.0
0.0
0.0
0.0
0.0
0.0
-260592.0
-245743.0
-257106.0
-273092.0
-258243.0
-269606.0
-263092.0
-248243.0
-259606.0
-223092.0
-208243.0
-219606.0
-263092.0
-248243.0
-259606.0
-223092.0
-208243.0
-219606.0
-260592.0
-245743.0
-257106.0
-220592.0
-205743.0
-217106.0
-220592.0
-205743.0
-217106.0
-260592.0
-245743.0
-257106.0
-220592.0
-205743.0
-217106.0
-220592.0
-205743.0
-217106.0
-263092.0
-248243.0
-259606.0
-263092.0
-248243.0
-259606.0
-263092.0
-248243.0
-259606.0
-263092.0
-248243.0
-259606.0
-225592.0
-210743.0
-222106.0
-215592.0
-200743.0
-212106.0
-215592.0
-200743.0
-212106.0
-260592.0
-245743.0
-257106.0
0.0
0.0
0.0
0.0
-410592.0
-395743.0
-407106.0
-263750.0
0.0
-446548.0
0.0
0.0
0.0
0.0
0.0
0.0
0.0
0.0
0.0
0.0
0.0
0.0
0.0
0.0
0.0
0.0
0.0
-266250.0
-192719.0
0.0
0.0
0.0
0.0
-190219.0
-190219.0
-134293.0
0.0
0.0
0.0
-281725.0
-196548.0
-281725.0
0.0
0.0
0.0
0.0
0.0
0.0
0.0
0.0
0.0
0.0
0.0
0.0
0.0
0.0
0.0
0.0
0.0
0.0
0.0
-199498.0
-219498.0
-219498.0
0.0
0.0
0.0
0.0
0.0
0.0
0.0
0.0
0.0
0.0
0.0
0.0
0.0
0.0
0.0
0.0
0.0
0.0
0.0
0.0
0.0
0.0
0.0
0.0
0.0
0.0
0.0
0.0
0.0
0.0
0.0
0.0
0.0
0.0
0.0
0.0
0.0
-199498.0
-219498.0
0.0
-311998.0
-384498.0
0.0
0.0
0.0
0.0
0.0
0.0
0.0
0.0
0.0
0.0
0.0
0.0
0.0
0.0
0.0
-377578.0
0.0
0.0
0.0
0.0
-219498.0
-219498.0
-219498.0
-221998.0
-201998.0
-221998.0
-221998.0
-201998.0
-221998.0
0.0
0.0
0.0
0.0
-370342.0
-340342.0
-370342.0
-342842.0
-342842.0
-370342.0
-370342.0
-370342.0
-370342.0
-370342.0
-370342.0
-350342.0
-370342.0
-337842.0
-370342.0
-370342.0
-370342.0
-370342.0
-370342.0
-352842.0
-352842.0
-352842.0
-370342.0
-370342.0
-370342.0
-370342.0
-370342.0
-340342.0
-370342.0
-352842.0
-352842.0
-352842.0
-352842.0
-352842.0
-342842.0
-342842.0
-307842.0
-307842.0
0.0
0.0
0.0
0.0
0.0
-96461.0
0.0
-96461.0
0.0
-96461.0
0.0
-118961.0
0.0
-96461.0
0.0
-96461.0
0.0
-96461.0
0.0
-118961.0
0.0
-173961.0
0.0
-96461.0
0.0
-173961.0
0.0
-173961.0
0.0
-186461.0
0.0
-91461.0
0.0
-91461.0
0.0
-91461.0
0.0
-173961.0
0.0
-91461.0
0.0
-173961.0
0.0
-173961.0
0.0
-191461.0
0.0
-78961.0
0.0
-78961.0
0.0
-78961.0
0.0
-176461.0
0.0
-78961.0
0.0
-96461.0
0.0
-176461.0
0.0
-96461.0
0.0
-176461.0
0.0
-78961.0
0.0
-78961.0
0.0
-118961.0
0.0
-78961.0
0.0
-78961.0
0.0
-171461.0
0.0
-78961.0
0.0
-171461.0
0.0
-191461.0
0.0
-96461.0
0.0
-96461.0
0.0
-96461.0
0.0
-121461.0
0.0
-96461.0
0.0
-96461.0
0.0
-96461.0
0.0
-96461.0
0.0
-173961.0
0.0
-96461.0
0.0
-121461.0
0.0
-78961.0
0.0
-78961.0
0.0
-171461.0
-399472.0
-340342.0
0.0
0.0
0.0
0.0
0.0
0.0
0.0
0.0
0.0
-411972.0
-411972.0
-411972.0
0.0
0.0
0.0
0.0
0.0
0.0
0.0
0.0
0.0
0.0
0.0
0.0
0.0
0.0
0.0
0.0
0.0
0.0
0.0
0.0
0.0
0.0
0.0
0.0
0.0
0.0
0.0
0.0
0.0
0.0
0.0
0.0
0.0
0.0
0.0
0.0
0.0
0.0
0.0
0.0
0.0
0.0
0.0
0.0
0.0
0.0
0.0
0.0
-78961.0
0.0
-116461.0
-350342.0
-350342.0
0.0
-85342.0
-85342.0
-85342.0
-85342.0
0.0
0.0
0.0
0.0
0.0
0.0
0.0
0.0
0.0
0.0
0.0
0.0
0.0
0.0
0.0
0.0
0.0
0.0
0.0
-178862.0
-403961.0
0.0
0.0
0.0
0.0
0.0
0.0
-199498.0
-219498.0
-219498.0
-219498.0
-219498.0
-219498.0
-219498.0
-347842.0
-347842.0
0.0
0.0
0.0
0.0
0.0
0.0
0.0
0.0
0.0
0.0
0.0
0.0
0.0
0.0
0.0
0.0
-342842.0
-342842.0
0.0
0.0
-214498.0
-62842.0
-85342.0
-85342.0
-352842.0
0.0
0.0
0.0
0.0
0.0
0.0
0.0
0.0
0.0
0.0
0.0
0.0
0.0
-148336.0
-153336.0
-153336.0
-148336.0
-131972.0
-384498.0
45.0
45.0
45.0
45.0
45.0
0.0
0.0
-411362.0
-126972.0
-441362.0
-431362.0
-416362.0
-451362.0
-451362.0
-416362.0
-416362.0
-126972.0
0.0
60.0
-374498.0
0.0
-173961.0
0.0
-173961.0
-371998.0
0.0
0.0
0.0
0.0
0.0
0.0
0.0
-173961.0
0.0
0.0
-221777.0
0.0
-175552.0
-366163.0
-91163.0
-387828.0
-236163.0
-283663.0
-216163.0
-296163.0
-415552.0
0.0
-448052.0
-303052.0
0.0
-337828.0
0.0
-228069.0
0.0
-422134.0
-327202.0
-310756.0
0.0
-427134.0
-332202.0
-315756.0
0.0
-382134.0
-287202.0
-270756.0
0.0
-427134.0
-332202.0
-315756.0
0.0
-422134.0
-327202.0
-310756.0
0.0
-387134.0
-292202.0
-275756.0
-308158.0
0.0
-263158.0
-333158.0
0.0
-263158.0
0.0
-228158.0
0.0
-263158.0
-333158.0
0.0
-263158.0
0.0
-263158.0
-308158.0
0.0
-258158.0
0.0
-273158.0
0.0
-258158.0
0.0
-273158.0
-325658.0
-323158.0
0.0
-258158.0
-320658.0
0.0
-273158.0
0.0
-258158.0
-330569.0
-335569.0
-335569.0
-335569.0
-330569.0
218.0
-299550.0
-343655.0
-353626.0
12474.0
0.0
-106000.0
25870.0
0.0
25870.0
0.0
0.0
25870.0
0.0
1940.0
0.0
-286126.0
12474.0
0.0
12474.0
0.0
0.0
0.0
12474.0
0.0
-428626.0
12474.0
0.0
12474.0
0.0
-258626.0
12474.0
0.0
-448626.0
12474.0
0.0
0.0
-427688.0
0.0
-437313.0
-173069.0
218.0
218.0
218.0
-188212.0
-188212.0
13500.0
-170231.0
13500.0
-170231.0
13500.0
-170231.0
13500.0
-170231.0
-433626.0
12474.0
0.0
-433626.0
12474.0
0.0
-428626.0
12474.0
0.0
-428626.0
12474.0
0.0
-428626.0
12474.0
0.0
-428626.0
12474.0
0.0
0.0
-263158.0
0.0
-263158.0
0.0
-265658.0
0.0
-265658.0
0.0
-265658.0
0.0
-265658.0
-320658.0
0.0
-265658.0
1410.0
1410.0
0.0
-80658.0
0.0
-80658.0
0.0
0.0
0.0
0.0
0.0
0.0
-80658.0
0.0
-80658.0
0.0
-80658.0
0.0
-80658.0
0.0
0.0
0.0
0.0
0.0
0.0
508.0
0.0
0.0
508.0
0.0
0.0
508.0
0.0
0.0
508.0
0.0
0.0
508.0
0.0
0.0
508.0
0.0
0.0
508.0
0.0
0.0
508.0
0.0
0.0
508.0
0.0
0.0
508.0
0.0
0.0
0.0
0.0
0.0
0.0
0.0
0.0
0.0
-430756.0
-399702.0
-383256.0
-399702.0
-383256.0
-399702.0
-383256.0
-399702.0
-383256.0
-399702.0
-383256.0
13500.0
-145231.0
13500.0
-175231.0
13500.0
-302731.0
13500.0
-175231.0
13500.0
-175231.0
13500.0
-175231.0
13500.0
-175231.0
13500.0
-250231.0
13500.0
-175231.0
13500.0
-175231.0
-397202.0
-380756.0
-397202.0
-380756.0
-397202.0
-380756.0
-397202.0
-380756.0
-393256.0
-393256.0
-393256.0
-393256.0
-393256.0
-399702.0
-383256.0
-399702.0
-383256.0
-399702.0
-383256.0
-399702.0
-383256.0
-399702.0
-383256.0
-384702.0
-368256.0
0.0
0.0
0.0
0.0
0.0
0.0
508.0
0.0
-258158.0
0.0
-258158.0
0.0
-255658.0
0.0
-255658.0
0.0
0.0
0.0
0.0
0.0
0.0
-66503.0
-66503.0
-61503.0
0.0
0.0
508.0
13500.0
-165231.0
13500.0
-165231.0
13500.0
-165231.0
0.0
-258158.0
0.0
-258158.0
0.0
-258158.0
0.0
0.0
0.0
0.0
0.0
0.0
0.0
0.0
0.0
-78158.0
-392202.0
-375756.0
0.0
-442134.0
-347202.0
-330756.0
0.0
0.0
508.0
-388158.0
-388158.0
-335658.0
0.0
-285658.0
-388158.0
-388158.0
-335658.0
-388158.0
-290658.0
-210188.0
-429550.0
-429550.0
-427050.0
-427050.0
-272474.0
1940.0
1940.0
0.0
0.0
0.0
0.0
-388158.0
1410.0
-134428.0
1410.0
13500.0
-155231.0
13500.0
-167731.0
13500.0
-167731.0
13500.0
-302731.0
-429550.0
-428626.0
12474.0
0.0
0.0
0.0
0.0
0.0
0.0
25870.0
0.0
1940.0
0.0
-199813.0
0.0
-199813.0
0.0
-199813.0
0.0
-92313.0
0.0
-92313.0
0.0
-387134.0
-292202.0
-275756.0
0.0
0.0
-333069.0
-333069.0
13500.0
-165231.0
13500.0
-165231.0
13500.0
-165231.0
0.0
-262134.0
-167202.0
-150756.0
-359550.0
218.0
218.0
0.0
-77134.0
25870.0
0.0
-200188.0
-207688.0
0.0
-84813.0
0.0
-84813.0
0.0
-84813.0
0.0
-84813.0
0.0
-84813.0
-264428.0
0.0
1410.0
-131928.0
-258626.0
12474.0
0.0
-258626.0
12474.0
0.0
0.0
25870.0
0.0
-220456.0
-363230.0
0.0
0.0
13500.0
-167731.0
0.0
0.0
0.0
-291503.0
0.0
0.0
0.0
0.0
508.0
13500.0
-300231.0
-441898.0
-343050.0
-376898.0
-376898.0
-376898.0
-376898.0
-376898.0
-376898.0
-376898.0
-92216.0
0.0
0.0
0.0
0.0
0.0
0.0
0.0
0.0
0.0
0.0
0.0
0.0
0.0
0.0
0.0
0.0
0.0
0.0
0.0
632.0
632.0
632.0
632.0
0.0
-202954.0
-195454.0
-195454.0
-197954.0
-157954.0
-142954.0
-195454.0
0.0
0.0
0.0
0.0
0.0
0.0
-157954.0
-142954.0
-197954.0
0.0
0.0
0.0
0.0
0.0
0.0
0.0
0.0
0.0
0.0
-438994.0
-438994.0
-436494.0
-302239.0
0.0
0.0
-236606.0
-226606.0
-415836.0
-323336.0
-415836.0
-408336.0
-395836.0
-410836.0
-395836.0
-410836.0
-393336.0
-410836.0
0.0
7010.0
-400796.0
-365796.0
-430366.0
-400796.0
-284739.0
-284739.0
-284739.0
29000.0
2004.0
-376076.0
-403576.0
0.0
-182578.0
0.0
0.0
0.0
0.0
-448336.0
-282239.0
-289739.0
-289739.0
-289739.0
-398296.0
-398296.0
2004.0
2004.0
2004.0
2004.0
2004.0
2004.0
0.0
3334.0
2004.0
2004.0
2004.0
0.0
3334.0
0.0
3334.0
0.0
3334.0
-121594.0
-381076.0
-386076.0
-386076.0
2004.0
2004.0
2004.0
-239106.0
-239106.0
-221606.0
-234201.0
-234201.0
0.0
0.0
-251701.0
2004.0
-398296.0
0.0
-210078.0
0.0
2004.0
-75078.0
0.0
0.0
-270078.0
0.0
-234201.0
