index	MSE_HFF_MicroC
0	0.3145793726172788
1	0.1351621508447506
2	0.141683400183961
3	0.173183744226547
4	0.1400011777214522
5	0.2559370179753484
6	0.173956540235923
7	0.1496439784516283
8	0.1927821689449831
9	0.161689432990512
10	0.1310715280907479
11	0.1342353306401703
12	0.1245616169293388
13	0.2464697279269718
14	0.1056192120703768
15	0.2489185055179451
16	0.1826085258277315
17	
18	
19	0.3872369697389041
20	
21	
22	0.2416160520717485
23	0.3998473063416463
24	0.2294430945899658
25	0.2112786400110474
26	0.1856361970220958
27	0.316074419136113
28	0.1523463301933268
29	0.0970851696176618
30	0.1336538415165068
31	0.1659561559967468
32	0.1268503693544562
33	0.1399863268917345
34	0.1232165062876248
35	0.0985355580536499
36	0.1465634647007206
37	0.2272238743999164
38	0.1874093610003932
39	0.1908692965256506
40	0.1992929099297049
41	0.1496047940930119
42	0.1183565295313865
43	0.1580996969927805
44	0.1911967612802892
45	0.2788611828690014
46	0.1296580557346999
47	0.1333403898369847
48	0.0870646767273988
49	0.1381787987244652
50	0.1375240227508294
51	0.1464527607500126
52	0.2013808805828969
53	0.1141695798827595
54	0.0936474281864156
55	0.1629202117012049
56	0.1907329971158278
57	0.1474851565454503
58	0.1777089177475363
59	0.1649606287851598
60	0.1398475497638311
61	0.104139313376241
62	0.1208553296285685
63	0.1486799923075255
64	0.1614358280930608
65	0.188831191889995
66	0.1773258966979781
67	0.1258822459916255
68	
69	0.2848196338393946
70	
71	0.1257354439909117
72	0.1319323438551415
73	
74	0.1795319110728916
75	
76	
77	0.3122875089330352
78	0.1121024749624088
79	0.3183525972313596
80	0.1523781843890184
81	0.1009890835007289
82	0.148532482773398
83	0.0784551236901529
84	0.3114231959921586
85	0.1396867733885813
86	0.2333835472988976
87	0.2923761890753555
88	0.2305683170338768
89	0.1634428878772852
90	0.1153501336503969
91	0.1846843000062087
92	0.1178708426451311
93	0.1650468459372887
94	0.2370651947922435
95	0.2648705621389416
96	0.142653166183898
97	0.200229027174831
98	0.159991357786358
99	0.1333490008630286
100	0.1601469500412946
101	0.0895563096073241
102	
103	0.1181401505149986
104	0.1757553138308481
105	0.2508103138620917
106	0.2088218549885086
107	0.1477979799416325
108	0.1719558068651729
109	0.446177742462002
110	
111	0.1888323403712061
112	
113	0.1873841220083499
114	0.3412336621273311
115	0.1403514513496761
116	0.0963868363531219
117	0.1455258454437321
118	0.1476211466018035
119	0.1456539337188756
120	0.1005543349601756
121	0.1231502246275369
122	0.1913024573963127
123	0.2543919190214089
124	0.1572880492374598
125	0.0939293358865805
126	0.1228343263446857
127	0.1624658472402276
128	0.2108660132977807
129	
130	
131	
132	0.1828211913391839
133	0.1787662423115298
134	0.1292267931643871
135	0.2332403562780222
136	0.2885300237363054
137	0.2095841106178773
138	0.1398228489284868
139	0.0869536011397302
140	0.0823562229244365
141	0.1000111199449287
142	0.1490551092253414
143	0.1289598316059222
144	0.1406687946943985
145	0.0877418722519154
146	0.1344307884879437
147	0.0939066271665086
148	0.1826982367705558
149	0.0980404566064626
150	0.0883980693349517
151	0.1125524646062371
152	0.1743201958915152
153	0.1000338572892955
154	0.0980545201353976
155	0.1029483255332582
156	0.1001902661795637
157	0.1726636789504025
158	0.2023392487278879
159	0.1557074508477524
160	0.1840639422052084
161	0.1392588841736363
162	0.1748459698211899
163	0.1121510675465707
164	
165	0.1473000741465487
166	0.1238822514807997
167	0.1838656811838935
168	0.1580065211736435
169	0.1155688112879764
170	0.1774741331442615
171	0.1614607559152959
172	0.2243322870668704
173	0.1138795584494023
174	0.1040996070626159
175	0.1209412855221026
176	0.1740641922806181
177	0.1790950191384472
178	0.1815167205967056
179	0.1018074044263937
180	0.3157931768943266
181	0.1931766706579872
182	0.1410708845326332
183	0.1712102809744919
184	0.113771775553591
185	0.0881487363804761
186	0.1859492648974066
187	0.129533652433479
188	0.3034009638530159
189	0.139332370537771
190	0.1478680000886599
191	0.2009158257708241
192	0.1455254106627131
193	0.1857788363324953
194	0.1770721717558238
195	0.1425197039126302
196	0.16616349674661
197	0.1559759593860144
198	0.2574757253558927
199	0.344881341154022
200	0.1431663578990711
201	
202	0.1464084219201063
203	0.1693038970420876
204	0.4178714774597784
205	0.2103736199790276
206	0.2286021448346154
207	0.1277534677507788
208	0.148749874810382
209	0.117454844967855
210	0.1286341600123988
211	0.2457927989547097
212	0.1265028374520057
213	0.2104966383393497
214	0.1602625495192432
215	0.1170614140477829
216	0.1774468500855777
217	0.1543102254684638
218	0.1224737803208944
219	0.1523768470228972
220	0.3554741679512823
221	0.205352409658148
222	0.1671567529349551
223	0.1763250890521653
224	0.1612732390409864
225	0.1797112759770089
226	
227	0.1324862004733175
228	0.2894098182174502
229	0.3220110966332049
230	0.3605504028741528
231	0.1941300205804174
232	0.3953106954602942
233	0.1172469262850687
234	0.3618110967746704
235	0.2800464799020848
236	0.0891730574921841
237	0.117403306365615
238	0.2534860554985769
239	0.1631990730664561
240	0.2539288330857658
241	0.1486156052605223
242	0.1661006135362908
243	0.1054724372031653
244	0.0892180710533433
245	0.2534792230163997
246	0.6242166232905187
247	0.1492772983933747
248	0.0908785300053562
249	0.1550161808891614
250	0.6796690487703484
251	0.6796690487703484
252	0.8133986932211006
253	0.8133986932211006
254	0.1786999090090086
255	
256	
257	0.7136263090346885
258	
259	0.1346743746056057
260	0.1595498226290556
261	0.1904888489821322
262	0.2392329434184668
263	0.1048767609794803
264	0.1998600236308356
265	0.1790325428782236
266	0.1147790716263517
267	0.1621530855648909
268	0.0979459361979775
269	0.1520437203189348
270	0.1116282408999151
271	0.0975556199031755
272	0.1695716023236378
273	0.2439410960183227
274	
275	0.2785016237239414
276	0.1568969732181251
277	0.1023948084175984
278	0.091230770661783
279	0.136537535165702
280	0.2696127323980251
281	0.1143280976327564
282	0.1744324546537665
283	0.1294411150838613
284	0.2035081591322182
285	0.0899925895750242
286	0.1747053779915819
287	0.1662147194545949
288	0.1410469196095671
289	0.202817319140635
290	0.1864696134311951
291	0.1035367811735651
292	0.1110957604972456
293	
294	0.1216627244067244
295	0.1805714615190606
296	0.1542832853561118
297	0.1364491343017992
298	0.1356193686640449
299	0.1587703441948243
300	0.1638445655461325
301	0.4240093974368209
302	0.2201726146898168
303	0.1112636017091219
304	0.1426988071226745
305	0.1357877457585269
306	0.093386519978004
307	0.0935617926109991
308	0.1339699472460632
309	0.094575745391602
310	0.098456299352438
311	0.1262595301499468
312	0.1292260694632137
313	0.2140815757179331
314	0.241430125908988
315	
316	
317	
318	
319	
320	
321	0.1533404433764352
322	0.0973853616325309
323	0.2397863813785749
324	0.1346692281947407
325	0.1584278068003942
326	0.1393076071579489
327	0.2162902246172973
328	0.1459408055088197
329	0.2037804476786539
330	0.0934481375767779
331	0.0858802606766432
332	0.1647196924814069
333	0.148436841088551
334	0.1940116914444606
335	0.4136133885268017
336	0.1537518189646211
337	0.1876819812331164
338	0.2390615246767491
339	0.2858315424547888
340	0.5862445648970382
341	0.4640933803994502
342	
343	0.1308526432993013
344	0.127095360960883
345	0.1508628356551298
346	0.1726254545382688
347	0.2179538404754282
348	
349	0.1734822978179921
350	0.1227851159261328
351	0.2043289754877883
352	0.1770054069782378
353	0.1158883254672659
354	0.1609330204500844
355	
356	0.1509026498831089
357	0.1266680257860321
358	0.2508193654511081
359	0.2426440092284632
360	
361	0.1270234903596034
362	0.1060312293815086
363	0.1129112348188967
364	0.1340448519967808
365	0.1459155024764505
366	0.3503033995114276
367	0.2049086699301517
368	0.1623718643329391
369	0.1185164716424754
370	0.1365637989961251
371	0.0987383015450716
372	0.1420961198987003
373	0.1763414937545349
374	0.2986104440133935
375	0.1620493421049718
376	0.134656366125603
377	0.1220980119923669
378	0.354982576206274
379	0.1601309404985852
380	0.1651541613257851
381	0.1655021847656011
382	
383	0.6783291319085438
384	0.1654918185080638
385	0.1254760128711816
386	
387	
388	
389	0.3930028784405033
390	0.2717937234890438
391	0.1600901995649764
392	0.1951673256149618
393	0.178185419004545
394	0.1560949044896523
395	0.3143180449570716
396	0.1327144442011811
397	0.1349136008149301
398	0.0947294134766739
399	0.1787150820545843
400	0.1218456943604004
401	
402	0.1869646567865543
403	0.1427849206482313
404	0.1356319910864755
405	0.0914839318404699
406	0.1307689790016653
407	0.177885846565259
408	0.2088696344077104
409	0.3238857273335984
410	0.1619452795671649
411	
412	0.1196219167537234
413	0.1861945627367608
414	0.2080250934367329
415	0.1381038417497614
416	0.1621129568146706
417	0.2255057997893395
418	0.1994199544037286
419	0.138196711887096
420	0.4030947532426615
421	0.2183128034499389
422	0.1341362977896052
423	0.1338045527796717
424	0.1276528261758652
425	0.1078247833408113
426	0.143295590523871
427	0.1799045697090464
428	0.183186362054111
429	0.1220311247569333
430	0.1574826802913301
431	0.2477017884498869
432	0.3258334154527254
433	0.2114295459268121
434	0.3636875855047229
435	0.2335097442825985
436	0.1685002455297442
437	0.1039370078710809
438	0.1888776689358099
439	0.1697985650887748
440	0.1026556962558046
441	0.1095164133498883
442	0.1567251527136993
443	0.2134002685774115
444	0.102375034739729
445	0.0917987755949957
446	0.3425502870554738
447	0.2407136804277768
448	0.1128372476021287
449	0.1046449923407853
450	0.2305794171806761
451	0.1670452634477225
452	0.2791624612235932
453	0.1932170726273817
454	0.0976200367492673
455	0.1254351168783422
456	0.163667831876265
457	0.1212141368882979
458	0.1768114709687978
459	0.2137384385890796
460	0.1536758393145307
461	0.1803896438483047
462	0.1819218075976457
463	0.1709723315001196
464	0.2967308999884028
465	0.0827987651080554
466	0.1622867826833858
467	0.2551127706910765
468	
469	
470	
471	
472	
473	
474	
475	0.4289690023872232
476	0.4174307171374609
477	0.1739339684619535
478	0.1399212741967052
479	
480	
481	
482	
483	
484	0.243617495548196
485	0.1060757804119455
486	0.1632871403273376
487	0.2361555232100845
488	0.2148600039492141
489	0.210363146190582
490	0.1139118721143449
491	0.1125674291386851
492	
493	0.1648380612475715
494	0.2542530341752753
495	0.1484092806802206
496	0.0767168056869813
497	0.1625407870398434
498	0.7189132137085266
499	0.2342052411128106
500	0.0903462344849863
501	0.2621726065841193
502	0.3342596858589227
503	0.2616231672329547
504	
505	0.5314241967930626
506	0.5314241967930626
507	
508	0.4579618100942454
509	0.1349186607611822
510	0.3353824247954211
511	0.3860481504566808
512	0.2329224716541797
513	0.2329224716541797
514	0.2329224716541797
515	0.2329224716541797
516	0.2329224716541797
517	0.3903356383924974
518	0.3903356383924974
519	0.3903356383924974
520	0.3903356383924974
521	0.3903356383924974
522	0.3903356383924974
523	0.3903356383924974
524	
525	
526	
527	0.1910014754800147
528	0.1195730038735849
529	0.100356490369827
530	0.2467300790840143
531	0.2380835071571398
532	
533	0.2952381214416383
534	0.2787114896432764
535	0.1889291360848444
536	0.1377328525962523
537	0.0907274754740569
538	0.2169497499476707
539	0.2010249432526216
540	0.1845580185837387
541	
542	0.1183363384333354
543	0.0822224734687267
544	0.2151716154202709
545	0.2127050433023623
546	0.1998877137369539
547	0.4096443737132786
548	0.4536427986043337
549	
550	0.419271739832648
551	0.4383185274836569
552	0.2283171975589867
553	0.2662606857886002
554	0.1952026562474597
555	
556	0.2937850827688479
557	0.2860704587758225
558	
559	0.2312858202815929
560	0.1309226562035589
561	
562	
563	0.2705452054639473
564	0.0978685221117051
565	0.2227630814691589
566	0.1147361412597419
567	0.2862721375855225
568	
569	0.1952830914988454
570	0.3002935910264076
571	0.1219879050711584
572	
573	0.1353046725153767
574	0.1245094256568692
575	0.1628145278475855
576	0.0844106872326701
577	0.0882945315827367
578	0.181573078534598
579	0.1358470693426799
580	0.0925231772677048
581	0.095237776950461
582	0.1792221359686774
583	0.5930784646934248
584	0.5935998227673053
585	0.546782483325499
586	0.2585634240885832
587	0.55297062605474
588	0.6009270733508003
589	0.5882807598137387
590	0.2517265189702433
591	0.3895865992359751
592	0.3314332447845504
593	0.2535595790756682
594	0.2170116012172565
595	0.2739683380505283
596	0.1768560949871802
597	0.2322104025957372
598	0.1809416184369341
599	0.237843472160708
600	0.2313471886460616
601	0.3885121000740242
602	0.328709045932997
603	0.2143135680290758
604	0.2573185476796492
605	0.2105776640219658
606	0.2064202052336626
607	0.4372646030129917
608	0.402805572401145
609	0.1528948656374555
610	0.2589572041063274
611	0.2713988233982871
612	0.300509859112788
613	0.2728261364647658
614	
615	0.2117731039265055
616	0.2063968440927637
617	0.0917091318242199
618	0.0875044046476698
619	0.0928562241199866
620	0.0872214554507693
621	0.1765866909543868
622	0.1316939605920438
623	0.0879314081385026
624	0.1859646913581085
625	0.1229188454071968
626	0.3171376617489155
627	0.6467104941678417
628	0.150958089682902
629	0.1289520256267828
630	0.1450271468237507
631	0.134415696847001
632	0.2333500324733908
633	0.334717662191564
634	
635	
636	
637	
638	
639	
640	0.6155013652732807
641	0.2402929380752262
642	0.1515944737299139
643	0.123007744135529
644	0.1161934566054265
645	0.1658554334462697
646	0.4143839108263242
647	0.1300479888888195
648	0.1438210314596507
649	0.1652182611313776
650	0.1031179504965693
651	0.1005945587402009
652	
653	
654	
655	0.1333037191724144
656	0.1888424252121292
657	0.146784396845236
658	0.2089846027419371
659	0.1586141281142433
660	0.1610247684301905
661	0.1938828607079515
662	0.1301062795501343
663	0.1685974379758364
664	0.1971106757683682
665	
666	0.16042813287773
667	0.1979128280545691
668	0.1919581872535593
669	0.1774151787124271
670	0.1609302227652634
671	0.1342311861209315
672	0.1339140991697349
673	0.2426078452978456
674	0.3245794733480482
675	0.138379520183402
676	0.1232357706683838
677	0.171060015471772
678	0.5148873928239392
679	
680	0.1251596938743179
681	
682	0.4607376949500509
683	0.34709125897495285
684	0.5702964779925992
685	0.38460406251539403
686	
687	0.489145854870742
688	0.3988686872314968
689	0.6983401254771152
690	0.3523457450261685
691	0.6575716040355815
692	0.28360723007116556
